[75,96,56,54,36,72,27,44,87,64,33,82,100,46,80,11,77,67,74,97,38,1,68,16,32,50,55,69,23,48,34,93,31,70,65,2,89,22,15,42,71,94,60,99,29,3,28,25,35,76,21,26,88,40,41,85,59,18,73,78,52,61,10,12,92,90,6,84,86,81,30,53,63,39,19,79,17,95,51,58,7,57,4,66,24,43,13,37,20,98,62,91,45,83,14,5,9,8,47,49] => 169116.29457506497
[17,24,33,23,1,91,53,77,37,75,21,12,25,13,15,9,38,8,73,66,6,27,58,49,45,47,44,90,29,59,98,19,34,55,92,14,7,16,99,93,48,61,22,69,76,31,46,54,85,26,57,40,83,82,3,41,36,97,87,81,50,70,89,32,51,84,28,4,52,10,68,43,39,30,95,96,60,78,2,56,64,20,88,86,63,5,42,74,72,65,35,100,71,79,11,62,18,67,80,94] => 168339.20022223267
[16,71,40,14,67,63,6,13,66,95,23,44,20,92,21,58,11,29,81,48,54,69,39,7,75,89,60,84,68,73,96,33,38,93,56,2,53,55,46,3,83,31,43,12,59,65,30,10,74,17,80,5,77,32,86,25,52,27,24,64,41,45,85,70,4,94,9,42,47,18,100,90,50,72,51,8,78,57,28,49,76,82,37,98,99,36,15,91,26,61,87,97,35,22,1,34,88,19,62,79] => 170719.0337548237
[91,40,89,59,76,87,41,34,30,67,32,99,93,72,97,21,81,26,22,47,39,11,45,95,85,63,1,42,23,61,37,18,83,58,31,2,69,88,19,35,56,46,70,96,25,14,60,48,6,86,9,28,4,62,68,66,15,77,53,94,64,24,17,65,80,57,78,36,71,27,98,84,29,49,54,16,90,75,92,100,74,43,52,8,51,55,73,3,20,5,38,12,44,10,33,50,79,82,7,13] => 180867.7463531456
[18,30,38,62,85,72,11,56,53,75,70,51,4,3,6,57,36,13,14,94,48,34,41,40,96,59,2,5,65,55,50,82,45,100,80,79,95,90,46,15,73,66,88,1,24,32,42,12,98,9,33,77,37,25,76,71,81,31,89,54,84,10,35,78,58,29,39,99,64,49,16,74,92,20,93,8,91,21,60,26,27,67,17,87,28,7,22,68,83,97,86,61,23,52,69,43,44,19,47,63] => 191176.33448878178
[75,100,93,60,74,15,61,96,85,68,62,49,37,29,78,73,6,86,5,89,20,4,32,88,43,72,24,76,31,41,2,71,25,64,65,79,33,87,46,99,36,9,63,34,38,10,17,19,59,53,54,90,28,22,18,44,55,95,92,69,3,23,45,30,40,26,80,42,94,97,27,52,21,77,8,12,11,82,67,70,66,98,1,58,48,51,39,14,47,57,50,56,84,81,16,35,7,13,83,91] => 172152.65214312557
[49,76,91,95,78,27,45,30,88,69,60,21,55,57,97,52,63,5,10,8,14,42,56,1,67,43,72,15,92,86,19,39,61,64,83,35,17,24,2,32,22,29,37,4,74,99,71,34,82,62,54,77,47,73,20,13,25,58,65,18,51,44,93,94,53,28,59,38,31,48,100,11,16,66,89,41,33,68,81,7,75,85,90,6,80,84,87,96,12,3,79,50,46,26,40,98,36,70,9,23] => 159171.6374787188
[88,52,11,76,27,81,99,50,29,5,20,56,32,64,62,28,63,19,96,14,40,15,57,93,68,59,70,75,66,48,44,46,47,17,34,92,84,22,80,18,9,91,82,33,21,8,83,12,23,72,78,25,7,53,55,43,71,73,98,97,13,42,41,26,67,60,77,100,10,36,49,38,69,58,31,3,94,87,6,39,90,24,89,1,35,85,54,45,37,79,95,16,65,4,74,51,30,86,2,61] => 160457.8180079792
[71,81,43,38,50,76,13,28,30,53,60,66,85,41,51,92,69,70,40,32,98,55,44,19,16,68,9,73,56,79,77,31,75,47,54,29,18,97,91,35,61,5,57,2,62,7,33,48,15,86,12,17,25,59,37,83,90,11,63,94,65,1,100,22,21,74,49,14,82,24,27,58,10,34,45,23,8,39,80,72,88,78,89,3,6,84,99,87,96,52,95,26,64,93,36,46,42,20,67,4] => 186030.16171716386
[70,71,44,54,10,9,35,73,68,37,42,99,95,85,93,87,5,100,40,11,58,86,26,45,33,6,25,12,74,55,80,62,49,82,36,75,90,30,81,16,19,8,96,94,41,98,39,2,89,22,27,47,56,59,60,21,91,84,51,15,29,17,32,66,79,48,13,38,23,14,31,53,7,57,78,61,52,92,63,67,97,46,34,4,64,83,43,50,18,65,28,72,24,1,3,76,77,88,20,69] => 186918.153932333
[63,5,71,13,93,47,48,21,84,81,1,78,69,14,46,25,33,42,97,10,20,64,62,73,77,30,72,26,49,38,35,3,50,86,52,27,76,85,34,57,92,15,65,23,36,98,4,12,53,96,82,70,37,68,28,18,95,39,94,32,41,56,89,40,54,2,75,16,45,7,22,91,60,29,61,66,44,8,58,74,59,100,51,24,17,83,11,31,88,6,19,79,9,99,55,43,80,90,87,67] => 174620.11709301636
[96,95,33,92,94,1,2,61,31,76,55,12,30,45,11,25,13,27,38,91,67,63,10,57,90,52,64,89,9,29,40,14,16,4,42,24,65,18,87,47,6,7,22,100,74,69,15,59,19,78,84,3,37,8,58,32,70,82,85,99,97,20,44,17,80,98,23,75,21,77,79,39,60,43,62,83,51,86,54,68,36,48,53,72,49,66,34,50,35,26,88,28,46,81,5,73,71,41,93,56] => 184349.03111025406
[34,46,18,16,51,83,6,82,69,22,74,43,39,67,10,9,31,98,30,91,92,57,29,87,68,59,72,94,48,62,47,13,80,53,75,40,90,81,45,35,21,79,63,96,4,44,32,33,24,23,54,60,12,71,85,88,20,66,49,14,3,19,78,52,99,17,65,11,55,28,58,84,64,73,77,95,1,36,89,5,100,25,8,70,86,2,38,76,27,37,42,56,15,41,93,7,61,97,50,26] => 167370.7799989407
[19,58,56,8,81,91,15,72,17,68,31,63,71,1,34,33,45,92,76,88,9,48,53,70,29,21,54,84,11,18,4,87,78,2,36,46,39,69,32,28,51,24,47,89,97,25,10,30,66,83,82,90,100,12,40,43,35,99,98,44,65,14,64,20,6,38,50,41,94,37,60,3,80,57,55,86,5,26,52,67,23,59,7,75,49,13,61,74,85,62,95,22,77,73,27,79,16,93,96,42] => 166035.53284311737
[26,73,15,53,40,85,20,93,5,76,99,33,74,9,94,50,65,72,42,38,41,14,45,47,69,100,84,71,37,2,67,7,11,49,77,66,24,97,39,18,83,35,52,17,10,75,80,82,48,16,31,98,90,58,68,61,4,8,25,29,88,30,87,78,3,36,56,91,19,1,32,6,79,60,23,46,27,86,12,63,44,54,34,64,81,13,96,21,22,95,62,89,55,92,59,51,28,70,57,43] => 183260.02494879297
[49,14,19,61,1,95,53,41,24,8,20,71,33,78,81,36,21,44,86,88,82,28,29,74,97,34,48,72,56,79,26,35,27,3,30,55,67,43,98,42,54,83,58,7,73,5,75,18,31,96,91,23,59,13,38,37,64,77,100,47,40,15,22,12,39,10,52,99,76,25,2,46,60,57,16,9,92,6,17,11,68,89,85,63,94,80,70,87,84,66,50,62,51,93,69,90,65,4,45,32] => 178892.29234474368
[76,19,9,35,72,36,14,64,78,21,10,68,89,98,1,37,2,3,81,95,100,84,46,4,51,45,12,97,17,31,20,11,54,8,22,70,39,25,87,58,83,57,26,27,13,18,88,93,67,80,66,56,90,61,91,15,59,29,30,7,62,96,99,38,33,24,73,94,40,44,63,74,34,52,79,43,82,49,48,5,42,6,55,75,16,92,47,32,65,71,86,50,77,23,41,69,85,60,28,53] => 189350.90307183252
[89,36,80,79,47,74,86,8,62,49,76,64,5,13,83,100,82,88,63,78,42,77,31,35,65,69,50,66,12,34,27,96,4,43,93,67,46,30,52,61,72,26,25,33,21,56,29,51,9,45,85,60,41,91,2,32,7,75,11,6,40,23,20,57,90,14,99,24,84,81,15,59,37,94,53,54,98,38,3,22,1,97,55,73,44,71,70,92,95,68,87,39,18,17,16,19,58,48,10,28] => 165514.86964203033
[7,17,76,35,2,11,51,32,9,52,48,99,36,72,81,27,63,79,49,91,33,3,53,59,45,95,38,44,100,62,40,83,61,4,70,12,77,96,67,39,66,25,75,16,98,88,57,56,73,58,30,41,6,42,86,90,50,65,64,89,13,94,24,97,68,71,43,19,18,84,55,31,74,46,47,93,10,29,23,8,87,5,26,78,34,80,92,22,54,69,28,15,60,21,37,14,85,20,82,1] => 162395.51413782727
[51,14,62,99,13,46,73,7,3,10,58,75,42,38,19,77,57,94,48,90,65,64,59,91,45,49,29,96,84,97,80,35,41,31,87,81,72,69,68,4,36,28,52,8,34,56,70,44,76,22,15,79,39,25,40,23,18,100,92,53,12,26,24,95,2,54,71,63,33,60,11,9,67,16,6,1,83,43,37,21,32,78,66,93,17,50,30,61,82,55,20,47,5,86,98,74,88,89,27,85] => 169252.67917514197
[55,95,51,16,59,73,8,63,94,12,90,32,5,49,10,70,79,81,68,58,27,15,53,28,36,61,77,78,88,76,19,30,41,74,97,7,71,13,23,75,98,52,20,24,18,96,89,82,11,44,25,3,86,35,29,31,46,84,1,42,100,93,72,39,21,37,38,9,80,99,87,85,48,64,57,6,17,4,65,47,43,14,66,22,50,45,40,83,67,33,26,54,60,34,69,62,2,56,91,92] => 181667.2241701156
[88,4,38,2,73,74,25,80,58,68,89,56,96,37,42,40,99,53,12,79,66,7,51,9,49,69,84,16,48,70,100,5,90,26,39,59,55,97,22,98,82,78,81,10,41,28,29,93,61,91,45,35,50,24,13,15,36,87,92,94,85,3,8,77,44,43,52,54,64,32,95,33,63,46,60,27,34,11,21,1,30,20,18,19,17,62,75,57,47,71,83,67,31,14,86,72,6,65,76,23] => 169974.85649920118
[36,90,12,56,8,80,63,92,67,53,95,60,62,1,27,73,100,35,52,94,97,10,30,50,51,19,24,75,15,16,83,96,3,86,25,29,32,18,40,11,99,91,44,71,22,13,72,21,65,43,89,34,6,84,33,37,42,66,46,47,82,58,14,5,39,87,98,49,85,76,26,17,81,45,68,74,54,78,93,70,57,79,41,48,59,88,28,4,2,20,64,38,77,55,61,9,31,23,7,69] => 176663.86802193345
[79,42,52,82,11,68,70,13,21,97,87,37,95,39,83,22,60,29,44,51,40,59,30,89,99,63,64,3,54,23,17,69,36,6,66,7,14,50,76,47,71,96,38,43,92,77,10,57,2,34,46,90,49,61,58,41,65,80,81,74,20,4,75,55,67,35,98,100,33,1,84,16,48,86,24,18,85,5,19,45,9,31,53,93,72,56,28,88,12,15,32,94,73,91,62,27,78,26,25,8] => 154973.8341829986
[96,91,53,95,84,44,59,18,29,21,2,16,63,89,32,100,52,54,35,65,41,9,22,97,56,66,4,30,87,37,43,78,11,49,34,50,24,28,42,76,88,3,82,58,81,90,36,13,83,99,1,71,60,40,73,77,75,85,61,67,72,23,94,27,6,25,57,92,62,45,79,80,39,19,15,12,46,69,70,10,26,86,98,7,47,31,5,68,48,20,93,14,74,64,17,33,8,51,55,38] => 170917.74899561025
